,2018,2019,2020,2021,2022,2023,2024
2018,0.0,0.07986268682378597,0.04955690703893611,0.15656639329585295,0.2054410249661876,0.2352678060225788,0.22872710303189553
2019,0.07986268682378597,0.0,0.03700851255996995,0.07678563378752645,0.12579327086594988,0.15542636454402095,0.1491165374726488
2020,0.04955690703893611,0.03700851255996995,0.0,0.1074472755467317,0.15634515766189974,0.18578670070433417,0.17959139083394532
2021,0.15656639329585295,0.07678563378752645,0.1074472755467317,0.0,0.049015185573796374,0.07870159818265812,0.07234696732785603
2022,0.2054410249661876,0.12579327086594988,0.15634515766189974,0.049015185573796374,0.0,0.029827143196805198,0.023368046036398013
2023,0.2352678060225788,0.15542636454402095,0.18578670070433417,0.07870159818265812,0.029827143196805198,0.0,0.00809625947535217
2024,0.22872710303189553,0.1491165374726488,0.17959139083394532,0.07234696732785603,0.023368046036398013,0.00809625947535217,0.0
